0 6.953352e-310
1 6.953349e-310
2 6.953349e-310
3 6.953349e-310
4 6.953349e-310
5 6.953349e-310
6 6.953349e-310
7 6.953349e-310
8 6.953349e-310
9 0.000000e+00
10 0.000000e+00
11 0.000000e+00
12 0.000000e+00
13 6.953349e-310
14 3.458460e-323
15 2.898221e+00
16 2.881807e+00
17 3.212826e-317
18 -nan
19 2.836490e+00
20 3.212834e-317
21 0.000000e+00
22 2.808313e+00
23 2.789088e+00
24 2.788448e+00
25 2.779468e+00
26 2.772666e+00
27 6.953349e-310
28 0.000000e+00
29 0.000000e+00
30 0.000000e+00
31 0.000000e+00
32 0.000000e+00
33 0.000000e+00
34 0.000000e+00
35 0.000000e+00
36 0.000000e+00
37 0.000000e+00
38 0.000000e+00
39 0.000000e+00
40 0.000000e+00
41 2.700891e+00
42 2.690213e+00
43 2.679814e+00
44 2.672072e+00
45 2.660965e+00
46 2.654130e+00
47 2.639806e+00
48 2.631668e+00
49 2.618931e+00
50 2.606421e+00
51 2.599844e+00
52 2.584446e+00
53 2.574062e+00
54 2.560868e+00
55 2.550995e+00
56 2.545905e+00
57 2.533535e+00
58 2.529378e+00
59 2.520751e+00
60 2.515192e+00
61 2.511354e+00
62 2.501331e+00
63 2.499959e+00
64 2.493013e+00
65 2.491368e+00
66 2.488248e+00
67 2.486807e+00
68 2.486433e+00
69 2.485389e+00
70 6.953349e-310
71 2.297405e-321
72 6.953349e-310
73 6.953349e-310
74 2.444660e+00
75 2.435799e+00
76 2.425339e+00
77 2.416753e+00
78 2.407910e+00
79 2.398782e+00
80 2.390144e+00
81 2.382056e+00
82 2.375846e+00
83 2.367035e+00
84 2.360636e+00
85 2.354757e+00
86 2.350554e+00
87 2.346065e+00
88 2.339842e+00
89 2.338440e+00
90 2.333363e+00
91 2.332733e+00
92 2.325689e+00
93 2.324112e+00
94 2.321415e+00
95 2.318871e+00
96 2.316528e+00
97 2.315241e+00
98 2.312338e+00
99 2.311437e+00
100 2.310464e+00
101 2.308031e+00
102 2.310109e+00
103 2.310321e+00
104 2.311500e+00
105 2.309834e+00
106 2.304808e+00
107 2.297884e+00
108 2.291773e+00
109 2.283059e+00
110 2.275050e+00
111 2.268392e+00
112 2.261367e+00
113 2.252716e+00
114 2.246287e+00
115 2.242610e+00
116 2.233462e+00
117 2.229951e+00
118 2.221131e+00
119 2.216545e+00
120 2.210772e+00
121 2.204553e+00
122 2.202500e+00
123 2.198731e+00
124 2.193404e+00
125 2.188530e+00
126 2.186430e+00
127 2.180795e+00
128 2.292465e-321
tau=30